image: map_20251123_011750.pgm
mode: trinary
resolution: 0.05000000074505806
origin: [-14.467065338073766, -14.956003117085167, 0.0]
negate: 0
occupied_thresh: 0.65
free_thresh: 0.25
